wheelbase,carlength,carwidth,curbweight,enginesize,horsepower,citympg,highwaympg,price
88.6,168.8,64.1,2548,130,111,21,27,13495.0
88.6,168.8,64.1,2548,130,111,21,27,16500.0
94.5,171.2,65.5,2823,152,154,19,26,16500.0
99.8,176.6,66.2,2337,109,102,24,30,13950.0
99.4,176.6,66.4,2824,136,115,18,22,17450.0
99.8,177.3,66.3,2507,136,110,19,25,15250.0
105.8,192.7,71.4,2844,136,110,19,25,17710.0
105.8,192.7,71.4,2954,136,110,19,25,18920.0
105.8,192.7,71.4,3086,131,140,17,20,23875.0
99.5,178.2,67.9,3053,131,160,16,22,17859.167
101.2,176.8,64.8,2395,108,101,23,29,16430.0
101.2,176.8,64.8,2395,108,101,23,29,16925.0
101.2,176.8,64.8,2710,164,121,21,28,20970.0
101.2,176.8,64.8,2765,164,121,21,28,21105.0
103.5,189.0,66.9,3055,164,121,20,25,24565.0
103.5,189.0,66.9,3230,209,182,16,22,30760.0
103.5,193.8,67.9,3380,209,182,16,22,41315.0
110.0,197.0,70.9,3505,209,182,15,20,36880.0
88.4,141.1,60.3,1488,61,48,47,53,5151.0
94.5,155.9,63.6,1874,90,70,38,43,6295.0
94.5,158.8,63.6,1909,90,70,38,43,6575.0
93.7,157.3,63.8,1876,90,68,37,41,5572.0
93.7,157.3,63.8,1876,90,68,31,38,6377.0
93.7,157.3,63.8,2128,98,102,24,30,7957.0
93.7,157.3,63.8,1967,90,68,31,38,6229.0
93.7,157.3,63.8,1989,90,68,31,38,6692.0
93.7,157.3,63.8,1989,90,68,31,38,7609.0
93.7,157.3,63.8,2191,98,102,24,30,8558.0
103.3,174.6,64.6,2535,122,88,24,30,8921.0
95.9,173.2,66.3,2811,156,145,19,24,12964.0
86.6,144.6,63.9,1713,92,58,49,54,6479.0
86.6,144.6,63.9,1819,92,76,31,38,6855.0
93.7,150.0,64.0,1837,79,60,38,42,5399.0
93.7,150.0,64.0,1940,92,76,30,34,6529.0
93.7,150.0,64.0,1956,92,76,30,34,7129.0
96.5,163.4,64.0,2010,92,76,30,34,7295.0
96.5,157.1,63.9,2024,92,76,30,34,7295.0
96.5,167.5,65.2,2236,110,86,27,33,7895.0
96.5,167.5,65.2,2289,110,86,27,33,9095.0
96.5,175.4,65.2,2304,110,86,27,33,8845.0
96.5,175.4,62.5,2372,110,86,27,33,10295.0
96.5,175.4,65.2,2465,110,101,24,28,12945.0
96.5,169.1,66.0,2293,110,100,25,31,10345.0
94.3,170.7,61.8,2337,111,78,24,29,6785.0
94.5,155.9,63.6,1874,90,70,38,43,8916.5
94.5,155.9,63.6,1909,90,70,38,43,8916.5
96.0,172.6,65.2,2734,119,90,24,29,11048.0
113.0,199.6,69.6,4066,258,176,15,19,32250.0
113.0,199.6,69.6,4066,258,176,15,19,35550.0
102.0,191.7,70.6,3950,326,262,13,17,36000.0
93.1,159.1,64.2,1890,91,68,30,31,5195.0
93.1,159.1,64.2,1900,91,68,31,38,6095.0
93.1,159.1,64.2,1905,91,68,31,38,6795.0
93.1,166.8,64.2,1945,91,68,31,38,6695.0
93.1,166.8,64.2,1950,91,68,31,38,7395.0
95.3,169.0,65.7,2380,70,101,17,23,10945.0
95.3,169.0,65.7,2380,70,101,17,23,11845.0
95.3,169.0,65.7,2385,70,101,17,23,13645.0
95.3,169.0,65.7,2500,80,135,16,23,15645.0
98.8,177.8,66.5,2385,122,84,26,32,8845.0
98.8,177.8,66.5,2410,122,84,26,32,8495.0
98.8,177.8,66.5,2385,122,84,26,32,10595.0
98.8,177.8,66.5,2410,122,84,26,32,10245.0
98.8,177.8,66.5,2443,122,64,36,42,10795.0
98.8,177.8,66.5,2425,122,84,26,32,11245.0
104.9,175.0,66.1,2670,140,120,19,27,18280.0
104.9,175.0,66.1,2700,134,72,31,39,18344.0
110.0,190.9,70.3,3515,183,123,22,25,25552.0
110.0,190.9,70.3,3750,183,123,22,25,28248.0
106.7,187.5,70.3,3495,183,123,22,25,28176.0
115.6,202.6,71.7,3770,183,123,22,25,31600.0
115.6,202.6,71.7,3740,234,155,16,18,34184.0
96.6,180.3,70.5,3685,234,155,16,18,35056.0
120.9,208.1,71.7,3900,308,184,14,16,40960.0
112.0,199.2,72.0,3715,304,184,14,16,45400.0
102.7,178.4,68.0,2910,140,175,19,24,16503.0
93.7,157.3,64.4,1918,92,68,37,41,5389.0
93.7,157.3,64.4,1944,92,68,31,38,6189.0
93.7,157.3,64.4,2004,92,68,31,38,6669.0
93.0,157.3,63.8,2145,98,102,24,30,7689.0
96.3,173.0,65.4,2370,110,116,23,30,9959.0
96.3,173.0,65.4,2328,122,88,25,32,8499.0
95.9,173.2,66.3,2833,156,145,19,24,12629.0
95.9,173.2,66.3,2921,156,145,19,24,14869.0
95.9,173.2,66.3,2926,156,145,19,24,14489.0
96.3,172.4,65.4,2365,122,88,25,32,6989.0
96.3,172.4,65.4,2405,122,88,25,32,8189.0
96.3,172.4,65.4,2403,110,116,23,30,9279.0
96.3,172.4,65.4,2403,110,116,23,30,9279.0
94.5,165.3,63.8,1889,97,69,31,37,5499.0
94.5,165.3,63.8,2017,103,55,45,50,7099.0
94.5,165.3,63.8,1918,97,69,31,37,6649.0
94.5,165.3,63.8,1938,97,69,31,37,6849.0
94.5,170.2,63.8,2024,97,69,31,37,7349.0
94.5,165.3,63.8,1951,97,69,31,37,7299.0
94.5,165.6,63.8,2028,97,69,31,37,7799.0
94.5,165.3,63.8,1971,97,69,31,37,7499.0
94.5,170.2,63.8,2037,97,69,31,37,7999.0
95.1,162.4,63.8,2008,97,69,31,37,8249.0
97.2,173.4,65.2,2324,120,97,27,34,8949.0
97.2,173.4,65.2,2302,120,97,27,34,9549.0
100.4,181.7,66.5,3095,181,152,17,22,13499.0
100.4,184.6,66.5,3296,181,152,17,22,14399.0
100.4,184.6,66.5,3060,181,152,19,25,13499.0
91.3,170.7,67.9,3071,181,160,19,25,17199.0
91.3,170.7,67.9,3139,181,200,17,23,19699.0
99.2,178.5,67.9,3139,181,160,19,25,18399.0
107.9,186.7,68.4,3020,120,97,19,24,11900.0
107.9,186.7,68.4,3197,152,95,28,33,13200.0
114.2,198.9,68.4,3230,120,97,19,24,12440.0
114.2,198.9,68.4,3430,152,95,25,25,13860.0
107.9,186.7,68.4,3075,120,95,19,24,15580.0
107.9,186.7,68.4,3252,152,95,28,33,16900.0
114.2,198.9,68.4,3285,120,95,19,24,16695.0
114.2,198.9,68.4,3485,152,95,25,25,17075.0
107.9,186.7,68.4,3075,120,97,19,24,16630.0
107.9,186.7,68.4,3252,152,95,28,33,17950.0
108.0,186.7,68.3,3130,134,142,18,24,18150.0
93.7,157.3,63.8,1918,90,68,37,41,5572.0
93.7,157.3,63.8,2128,98,102,24,30,7957.0
93.7,157.3,63.8,1967,90,68,31,38,6229.0
93.7,167.3,63.8,1989,90,68,31,38,6692.0
93.7,167.3,63.8,2191,98,68,31,38,7609.0
103.3,174.6,64.6,2535,122,88,24,30,8921.0
95.9,173.2,66.3,2818,156,145,19,24,12764.0
94.5,168.9,68.3,2778,151,143,19,27,22018.0
89.5,168.9,65.0,2756,194,207,17,25,32528.0
89.5,168.9,65.0,2756,194,207,17,25,34028.0
89.5,168.9,65.0,2800,194,207,17,25,37028.0
98.4,175.7,72.3,3366,203,288,17,28,31400.5
96.1,181.5,66.5,2579,132,90,23,31,9295.0
96.1,176.8,66.6,2460,132,90,23,31,9895.0
99.1,186.6,66.5,2658,121,110,21,28,11850.0
99.1,186.6,66.5,2695,121,110,21,28,12170.0
99.1,186.6,66.5,2707,121,110,21,28,15040.0
99.1,186.6,66.5,2758,121,110,21,28,15510.0
99.1,186.6,66.5,2808,121,160,19,26,18150.0
99.1,186.6,66.5,2847,121,160,19,26,18620.0
93.7,156.9,63.4,2050,97,69,31,36,5118.0
93.7,157.9,63.6,2120,108,73,26,31,7053.0
93.3,157.3,63.8,2240,108,73,26,31,7603.0
97.2,172.0,65.4,2145,108,82,32,37,7126.0
97.2,172.0,65.4,2190,108,82,28,33,7775.0
97.2,172.0,65.4,2340,108,94,26,32,9960.0
97.0,172.0,65.4,2385,108,82,24,25,9233.0
97.0,172.0,65.4,2510,108,111,24,29,11259.0
97.0,173.5,65.4,2290,108,82,28,32,7463.0
97.0,173.5,65.4,2455,108,94,25,31,10198.0
96.9,173.6,65.4,2420,108,82,23,29,8013.0
96.9,173.6,65.4,2650,108,111,23,23,11694.0
95.7,158.7,63.6,1985,92,62,35,39,5348.0
95.7,158.7,63.6,2040,92,62,31,38,6338.0
95.7,158.7,63.6,2015,92,62,31,38,6488.0
95.7,169.7,63.6,2280,92,62,31,37,6918.0
95.7,169.7,63.6,2290,92,62,27,32,7898.0
95.7,169.7,63.6,3110,92,62,27,32,8778.0
95.7,166.3,64.4,2081,98,70,30,37,6938.0
95.7,166.3,64.4,2109,98,70,30,37,7198.0
95.7,166.3,64.4,2275,110,56,34,36,7898.0
95.7,166.3,64.4,2275,110,56,38,47,7788.0
95.7,166.3,64.4,2094,98,70,38,47,7738.0
95.7,166.3,64.4,2122,98,70,28,34,8358.0
95.7,166.3,64.4,2140,98,70,28,34,9258.0
94.5,168.7,64.0,2169,98,70,29,34,8058.0
94.5,168.7,64.0,2204,98,70,29,34,8238.0
94.5,168.7,64.0,2265,98,112,26,29,9298.0
94.5,168.7,64.0,2300,98,112,26,29,9538.0
98.4,176.2,65.6,2540,146,116,24,30,8449.0
98.4,176.2,65.6,2536,146,116,24,30,9639.0
98.4,176.2,65.6,2551,146,116,24,30,9989.0
98.4,176.2,65.6,2679,146,116,24,30,11199.0
98.4,176.2,65.6,2714,146,116,24,30,11549.0
98.4,176.2,65.6,2975,146,116,24,30,17669.0
102.4,175.6,66.5,2326,122,92,29,34,8948.0
102.4,175.6,66.5,2480,110,73,30,33,10698.0
102.4,175.6,66.5,2414,122,92,27,32,9988.0
102.4,175.6,66.5,2414,122,92,27,32,10898.0
102.4,175.6,66.5,2458,122,92,27,32,11248.0
102.9,183.5,67.7,2976,171,161,20,24,16558.0
102.9,183.5,67.7,3016,171,161,19,24,15998.0
104.5,187.8,66.5,3131,171,156,20,24,15690.0
104.5,187.8,66.5,3151,161,156,19,24,15750.0
97.3,171.7,65.5,2261,97,52,37,46,7775.0
97.3,171.7,65.5,2209,109,85,27,34,7975.0
97.3,171.7,65.5,2264,97,52,37,46,7995.0
97.3,171.7,65.5,2212,109,85,27,34,8195.0
97.3,171.7,65.5,2275,109,85,27,34,8495.0
97.3,171.7,65.5,2319,97,68,37,42,9495.0
97.3,171.7,65.5,2300,109,100,26,32,9995.0
94.5,159.3,64.2,2254,109,90,24,29,11595.0
94.5,165.7,64.0,2221,109,90,24,29,9980.0
100.4,180.2,66.9,2661,136,110,19,24,13295.0
100.4,180.2,66.9,2579,97,68,33,38,13845.0
100.4,183.1,66.9,2563,109,88,25,31,12290.0
104.3,188.8,67.2,2912,141,114,23,28,12940.0
104.3,188.8,67.2,3034,141,114,23,28,13415.0
104.3,188.8,67.2,2935,141,114,24,28,15985.0
104.3,188.8,67.2,3042,141,114,24,28,16515.0
104.3,188.8,67.2,3045,130,162,17,22,18420.0
104.3,188.8,67.2,3157,130,162,17,22,18950.0
109.1,188.8,68.9,2952,141,114,23,28,16845.0
109.1,188.8,68.8,3049,141,160,19,25,19045.0
109.1,188.8,68.9,3012,173,134,18,23,21485.0
109.1,188.8,68.9,3217,145,106,26,27,22470.0
109.1,188.8,68.9,3062,141,114,19,25,22625.0
